	(340, 1, 2007);
	(230, 1, 2009),
	(230, 1, 2010),
	(389, 1, 2011),
	(230, 1, 2012),
	(230, 1, 2013),
	(132, 1, 2014),
	(108, 1, 2015),
	(108, 1, 2016),
	(460, 1, 2017),
	(183, 1, 2018),
	(213, 2, 2009),
	(213, 2, 2010),
	(213, 2, 2011),
	(87, 2, 2012),
	(160, 2, 2013),
	(338, 2, 2014),
	(269, 2, 2015),
	(269, 2, 2016),
	(179, 2, 2017),
	(167, 2, 2018),
	(80, 3, 1999),
	(161, 3, 2002),
	(230, 3, 2004),
	(539, 3, 2006),
	(132, 3, 2008),
	(389, 3, 2009),
	(139, 3, 2010),
	(181, 3, 2011),
	(222, 3, 2012),
	(272, 3, 2013),
	(464, 3, 2015),
	(435, 3, 2016),
	(60, 3, 2017),
	(406, 3, 2018),
	(104, 4, 2010),
	(183, 4, 2012),
	(411, 4, 2013),
	(104, 4, 2014),
	(465, 4, 2015),
	(104, 4, 2016),
	(170, 4, 2017),
	(465, 4, 2018),
	(278, 5, 2011),
	(13, 5, 2012),
	(163, 5, 2013),
	(128, 5, 2014),
	(72, 5, 2015),
	(298, 5, 2016),
	(14, 5, 2017),
	(350, 5, 2018),
