	(19, 16, 11.4, 2.3, 4.9, 0, 0.6, 0.472, 0.431, 0.859),
	(24, 16, 6.2, 5, 0.8, 1.4, 0.3, 0.481, 0.3, 0.587),
	(41, 16, 3.9, 3.4, 0.7, 0.6, 0.3, 0.628, 0, 0.773),
	(58, 16, 3.5, 1.9, 2.2, 0.1, 0.3, 0.399, 0.324, 0.577),
	(84, 16, 2.5, 1, 1.5, 0, 0.5, 0.5, 0.5, 0),
	(151, 16, 14.7, 3.1, 3.6, 0.1, 0.9, 0.425, 0.34, 0.803),
	(154, 16, 1.7, 0.4, 0, 0, 0.1, 0.429, 0, 0),
	(169, 16, 15.9, 7.4, 3.6, 0.7, 0.7, 0.443, 0.33, 0.724);
	(173, 16, 4.2, 1.8, 2.8, 0.1, 0.8, 0.414, 0.357, 0.684),
	(223, 16, 9.5, 5.4, 1, 1.3, 0.8, 0.436, 0.325, 0.832),
	(224, 16, 4.9, 2.7, 1, 0.3, 0.4, 0.393, 0.322, 0.807),
	(231, 16, 1.2, 1.4, 0, 0, 0.2, 0.25, 0, 1),
	(292, 16, 2.9, 1.7, 0.4, 0.2, 0.1, 0.437, 0.405, 0.778),
	(390, 16, 14.7, 3.4, 1.6, 0.4, 0.9, 0.426, 0.374, 0.87),
	(447, 16, 20.7, 12, 4, 1.2, 1, 0.521, 0.38, 0.77),
	(407, 16, 6.9, 2.4, 2.3, 0.3, 0.4, 0.364, 0.229, 0.778),
	(1, 9, 2.8, 1.4, 1.5, 0.1, 0.3, 0.365, 0.41, 1),
	(12, 9, 2.6, 1.3, 0.4, 0.2, 0.3, 0.374, 0.186, 0.762),
	(32, 9, 12.7, 4.1, 2.4, 0.7, 1.5, 0.42, 0.324, 0.733),
	(37, 9, 8.1, 4.2, 2.4, 0.6, 1.2, 0.436, 0.291, 0.606),
	(80, 9, 7.1, 2.5, 1.1, 0.3, 0.6, 0.431, 0.397, 0.673),
	(94, 9, 19.8, 9.8, 1.9, 0.5, 0.3, 0.572, 0.377, 0.768),
	(112, 9, 10.8, 7.3, 1.4, 1.1, 1.1, 0.493, 0.384, 0.814),
	(214, 9, 9.5, 3.3, 2.7, 0.3, 0.9, 0.421, 0.388, 0.741),
	(267, 9, 10.3, 5.5, 1, 0.9, 0.4, 0.484, 0.341, 0.669),
	(363, 9, 4.4, 2.2, 0.9, 0.2, 0.3, 0.667, 0, 0.533),
	(373, 9, 5.1, 3.6, 0.8, 0.5, 0.2, 0.494, 0.391, 0.621),
	(374, 9, 13.2, 3.8, 2.1, 0.3, 1, 0.441, 0.379, 0.824),
	(417, 9, 5.9, 4.2, 1, 0.5, 0.6, 0.402, 0.344, 0.711),
	(478, 9, 18.3, 3.5, 7.8, 0.2, 0.8, 0.408, 0.33, 0.822),
	(125, 9, 3.3, 1.6, 0.6, 0, 0.3, 0.36, 0.256, 0.615),
	(274, 9, 10.7, 2.3, 3.5, 0.1, 0.7, 0.466, 0.333, 0.845),
	(3, 10, 8.3, 6.7, 2.1, 0.8, 0.8, 0.575, 0.1, 0.735),
	(13, 10, 1.4, 0.6, 0.2, 0, 0, 0.4, 0.667, 0.5),
	(128, 10, 14.9, 2.8, 4.1, 0.2, 0.6, 0.427, 0.333, 0.792),
	(193, 10, 0.6, 1.1, 0, 0, 0, 0.286, 0, 0),
	(235, 10, 7.8, 3.2, 2.3, 0.5, 0.7, 0.429, 0.352, 0.723),
	(243, 10, 7.2, 4.1, 0.5, 0.7, 0.7, 0.514, 0.354, 0.616),
	(302, 10, 8.3, 3.7, 1.8, 0.2, 0.6, 0.411, 0.361, 0.743),
	(351, 10, 10.2, 4.6, 1.8, 0.4, 0.7, 0.471, 0.365, 0.811),
	(380, 10, 17.2, 3.5, 4, 0.5, 1, 0.42, 0.367, 0.858),
	(384, 10, 2.6, 1.1, 0.1, 0, 0.2, 0.4, 0.353, 0.5),
	(448, 10, 14.2, 3.7, 4.3, 0.6, 0.8, 0.438, 0.321, 0.667),
	(450, 10, 10.2, 2.7, 2.9, 0.1, 0.7, 0.408, 0.353, 0.516),
	(463, 10, 12.8, 12.1, 0.9, 2, 0.7, 0.554, 0.125, 0.434),
	(474, 10, 12.5, 5.5, 4.3, 0.3, 1, 0.431, 0.377, 0.631),
	(238, 10, 10.8, 2.8, 2.5, 0.5, 0.9, 0.426, 0.353, 0.693),
	(135, 10, 8.4, 1.9, 1.2, 0.1, 1, 0.375, 0.368, 0.875),
	(21, 11, 4.9, 0.8, 1.6, 0, 0.2, 0.5, 0.5, 0.867),
	(29, 11, 9.9, 3.5, 5.3, 0.6, 1, 0.5, 0.4, 0.855),
	(42, 11, 4.2, 0.5, 4.5, 1, 0.2, 0.6, 0, 0.676),
	(56, 11, 6.8, 0.9, 3.6, 0.6, 0.6, 0.4, 0.3, 0.746),
	(88, 11, 2, 1, 0, 0, 0, 0.3, 0, 0),
	(171, 11, 4.5, 2.2, 1.2, 0.1, 0.5, 0.4, 0.3, 0.739),
	(196, 11, 7.1, 1, 5.4, 0.3, 0.3, 0.5, 0.4, 0.679),
	(246, 11, 7, 1.1, 2.8, 0.2, 0.2, 0.5, 0.4, 0.686),
	(249, 11, 7.2, 0.9, 4, 0.7, 0.5, 0.5, 0.3, 0.773),
	(261, 11, 15.1, 2.2, 5.6, 0.4, 1, 0.4, 0.3, 0.879),
	(285, 11, 3, 0.5, 1, 0, 1, 0.1, 0, 0.571),
	(287, 11, 4, 2, 2, 0, 0, 0.3, 0, 0),
	(318, 11, 9.6, 1.7, 1.7, 0.3, 0.5, 0.4, 0.3, 0.894),
	(355, 11, 9.3, 3.8, 1.5, 0.1, 0.4, 0.5, 0.2, 0.73),
	(451, 11, 25.1, 5.8, 4.3, 0.4, 1.3, 0.4, 0.4, 0.833),
	(466, 11, 10.6, 1.3, 5.7, 0.8, 0.9, 0.4, 0.4, 0.744),
	(480, 11, 10.1, 2.1, 6.8, 0.8, 0.8, 0.6, 0.3, 0.787),
	(18, 30, 15.2, 5.6, 4.2, 0.2, 1.3, 0.4, 0.3, 0.783),
	(33, 30, 25.8, 5.3, 5.6, 0.8, 1.5, 0.5, 0.3, 0.823),
	(65, 30, 3, 1.8, 1.2, 0.1, 0.3, 0.4, 0.3, 0.714),
	(67, 30, 9.6, 5.6, 1.2, 0.9, 0.4, 0.6, 0.4, 0.806),
	(113, 30, 6.3, 3.2, 0.9, 0.2, 0.7, 0.5, 0.3, 0.517),
	(180, 30, 12.5, 4.3, 1.9, 0.5, 0.5, 0.5, 0.4, 0.892),
	(213, 30, 12.8, 9.2, 0.4, 0.4, 0.8, 0.6, 0, 0.604),
	(239, 30, 3.3, 1.6, 0.8, 0.4, 0.2, 0.3, 0.2, 0.571),
	(288, 30, 4, 3.5, 0.8, 0.5, 0.8, 0.5, 0.1, 0.683),
	(304, 30, 4.3, 1.1, 0.6, 0.3, 0.3, 0.5, 0.5, 0.583),
	(356, 30, 13.5, 6.8, 3.3, 0.6, 0.9, 0.5, 0.3, 0.643),
	(369, 30, 16.2, 9.4, 1.3, 0.4, 1, 0.5, 0.5, 0.75),
	(377, 30, 5.7, 1.2, 2, 0, 0.6, 0.4, 0.4, 0.667),
	(386, 30, 4.8, 1.8, 0.5, 0.3, 0.8, 0.6, 0, 0.5),
	(397, 30, 8.6, 3.4, 4.7, 0.2, 1, 0.5, 0.4, 0.807),
	(453, 30, 20.7, 3.6, 8.7, 0.9, 1.5, 0.4, 0.3, 0.697),
	(232, 30, 1.5, 0.3, 0.3, 0, 0, 1, 1, 0),
	(353, 30, 12.9, 4.4, 0.7, 0.7, 0.9, 0.433, 0.311, 0.8),
	(367, 30, 12.6, 5.6, 2, 0.5, 1.6, 0.457, 0.369, 0.766),
	(381, 30, 7.2, 2.4, 2, 0.3, 0.6, 0.392, 0.311, 0.543),
	(412, 30, 3.7, 3.1, 1, 0.4, 0.1, 0.405, 0.4, 0.833),
	(16, 23, 7.1, 3, 0.7, 0.3, 0.7, 0.453, 0.345, 0.519),
	(52, 23, 3.1, 1.6, 0, 0.9, 0.2, 0.411, 0.345, 0.867),
	(160, 23, 8.9, 6.2, 3.6, 0.9, 0.9, 0.453, 0.286, 0.708),
	(177, 23, 10, 4, 1.4, 0.7, 0.9, 0.45, 0.437, 0.909),
	(217, 23, 15.1, 8.1, 1.4, 1.4, 0.4, 0.522, 0.267, 0.77),
	(269, 23, 27, 7.3, 3.2, 0.4, 1.8, 0.499, 0.354, 0.86),
	(273, 23, 7.7, 2.3, 2.6, 0.3, 0.5, 0.358, 0.143, 0.789),
	(279, 23, 14.8, 4.8, 9.1, 0.5, 1.4, 0.417, 0.348, 0.834),
	(280, 23, 2, 0.9, 0.3, 0, 0, 0.455, 0.4, 0.8),
	(297, 23, 2.7, 1.9, 1.1, 0.1, 0.8, 0.429, 0.3, 0.909),
	(311, 23, 3.8, 0.3, 0.3, 0, 0, 0.5, 0.625, NULL),
	(372, 23, 8.1, 2, 1.5, 0.2, 0.6, 0.465, 0.352, 0.831),
	(405, 23, 16.4, 7, 3, 0.7, 0.9, 0.549, 0.363, 0.774),
	(445, 23, 10.5, 2.7, 4.6, 0.2, 0.9, 0.403, 0.366, 0.833),
	(49, 1, 4.3, 3.5, 0.8, 0.9, 0.4, 0.508, 0.343, 0.476),
	(72, 1, 18.4, 5.1, 3.9, 0.5, 1.8, 0.47, 0.336, 0.875),
	(136, 1, 27.2, 13.6, 3.4, 1.9, 0.6, 0.481, 0.293, 0.811),
	(137, 1, 5.1, 3.4, 0.6, 0.3, 0.2, 0.432, 0.235, 0.9),
	(186, 1, 19.9, 8.1, 2.6, 0.6, 0.4, 0.512, 0.388, 0.868),
	(201, 1, 1.5, 0.5, 1, 0, 0, 0.5, 0.5, NULL),
	(234, 1, 4, 2.8, 1.2, 0.3, 0.3, 0.508, 0.333, 0.75),
	(254, 1, 5.8, 2.3, 1.1, 0, 0.6, 0.402, 0.331, 0.833),
	(290, 1, 9.3, 6.1, 1.5, 0.9, 0.3, 0.721, 0, 0.667),
	(299, 1, 6.5, 2.3, 3.7, 0.2, 1.2, 0.538, 0.324, 0.794),
	(314, 1, 4.2, 1.5, 1, 0.2, 0.3, 0.435, 0.4, 0.8),
	(358, 1, 1.7, 2, 1, 0, 0.7, 0.286, 0, 0.5),
	(378, 1, 17.6, 2.4, 2.7, 0.2, 0.4, 0.433, 0.386, 0.899),
	(399, 1, 8.3, 3.2, 1, 0.2, 0.5, 0.383, 0.403, 0.636),
	(406, 1, 17.1, 9.2, 7.9, 0.7, 1.4, 0.563, 0, 0.603),
	(407, 1, 3.7, 1.4, 1.5, 0, 0.7, 0.378, 0.333, 0.6),
	(31, 6, 5.3, 4.2, 1.2, 0.6, 0.2, 0.457, 0.308, 0.84),
	(63, 6, 12.8, 4.4, 1.3, 0.5, 1, 0.455, 0.319, 0.685),
	(127, 6, 1.8, 1, 0, 0, 0, 0.5, 0.5, NULL),
	(194, 6, 11, 4.4, 3.5, 0.3, 0.9, 0.449, 0.336, 0.826),
	(211, 6, 13, 6.7, 4, 1.3, 0.9, 0.529, 0.348, 0.826),
	(222, 6, 23.4, 4.9, 7, 0.5, 1.5, 0.498, 0.419, 0.869),
	(322, 6, 14.2, 5.9, 1.4, 0.3, 0.5, 0.462, 0.379, 0.833),
	(346, 6, 3.2, 1.6, 0.4, 0.1, 0.2, 0.424, 0.306, 0.643),
	(391, 6, 9.2, 4, 3, 0.3, 0.9, 0.389, 0.357, 0.802),
	(409, 6, 8.7, 2.9, 4, 0.4, 1.8, 0.419, 0.37, 0.795),
	(422, 6, 16.1, 6.2, 1.9, 0.8, 1.1, 0.452, 0.368, 0.87),
	(427, 6, 6, 3.6, 1.1, 0.6, 0.4, 0.556, 0.421, 0.758),
	(455, 6, 3.4, 1, 1.3, 0, 0.3, 0.443, 0.5, 0.941),
	(472, 6, 2.6, 2.3, 0.2, 1.2, 0.2, 0.738, NULL, 0.643),
	(477, 6, 2.1, 1.2, 0.4, 0.2, 0.2, 0.433, 0.238, 0.722),
	(9, 18, 11.2, 8.4, 1.5, 1.5, 0.6, 0.592, 0.143, 0.708),
	(78, 18, 11.1, 5.3, 1.3, 0.1, 0.5, 0.396, 0.352, 0.75),
	(102, 18, 9.6, 3.4, 1.1, 0.3, 0.5, 0.367, 0.378, 0.732),
	(110, 18, 5.7, 8.6, 0.8, 0.4, 0.5, 0.608, 0, 0.59),
	(122, 18, 17.5, 2.5, 4.9, 0.3, 0.6, 0.461, 0.361, 0.79),
	(130, 18, 4.6, 2.6, 1.4, 0.3, 0.6, 0.407, 0.331, 0.629),
	(172, 18, 5.4, 3, 0.9, 0.3, 0.3, 0.336, 0.268, 0.778),
	(188, 18, 13.6, 3.6, 2.5, 0.2, 0.5, 0.502, 0.465, 0.83),
	(207, 18, 8.8, 5.1, 1.6, 0.5, 0.7, 0.407, 0.191, 0.645),
	(258, 18, 9, 3.8, 0.8, 0.4, 0.7, 0.475, 0.336, 0.844),
	(271, 18, 14.1, 4.1, 3.6, 0.4, 1.1, 0.429, 0.304, 0.718),
	(329, 18, 2, 0.5, 0.1, 0, 0.3, 0.4, 0, 0),
	(334, 18, 9.4, 1.7, 2.5, 0.3, 0.8, 0.389, 0.329, 0.833),
	(362, 18, 4.4, 2.2, 1.3, 0, 0.4, 0.333, 0.265, 0.938),
	(393, 18, 20.2, 3.6, 6.8, 0.3, 1.2, 0.431, 0.361, 0.805),
	(469, 18, 3.3, 4.7, 0.7, 0, 0, 0.5, 0, 0.5),
	(8, 14, 10.1, 2.9, 4.5, 0.1, 0.8, 0.487, 0.5, 0.731),
	(126, 14, 10.4, 3.7, 1.7, 0.1, 0.8, 0.42, 0.383, 0.732),
	(198, 14, 7.6, 3.7, 1, 0.1, 0.9, 0.397, 0.277, 0.701),
	(199, 14, 1, 0, 1, 0, 0, NULL, NULL, 0.5),
	(232, 14, 4.3, 1.1, 0.7, 0.1, 0, 0.378, 0.333, 0.5),
	(244, 14, 11.6, 12.2, 2.1, 1.2, 0.3, 0.651, NULL, 0.756),
	(253, 14, 12.3, 4.4, 1, 0.3, 0.6, 0.362, 0.338, 0.741),
	(255, 14, 6.6, 2.5, 1.1, 0.6, 0.6, 0.372, 0.378, 0.824),
	(326, 14, 14.2, 3.1, 3.7, 0.3, 0.8, 0.452, 0.331, 0.754),
	(341, 14, 5.9, 2, 2.8, 0.3, 0.7, 0.342, 0.291, 0.75),
	(385, 14, 6.8, 5.4, 0.5, 2.4, 0.8, 0.7, NULL, 0.585),
	(414, 14, 14.6, 2.7, 6, 0.5, 1.4, 0.416, 0.29, 0.561),
	(428, 14, 4.4, 2.5, 0.5, 0.2, 0.5, 0.389, 0.271, 0.778),
	(437, 14, 10.9, 3.1, 1.8, 0.2, 0.5, 0.45, 0.405, 0.809),
	(446, 14, 8.5, 7.9, 1.9, 0.8, 0.7, 0.471, 0.336, 0.712),
	(14, 3, 27, 12.6, 5.9, 1.4, 1.3, 0.579, 0.242, 0.72),
	(45, 3, 15.8, 4.7, 5.4, 0.3, 1.4, 0.49, 0.317, 0.757),
	(60, 3, 15.9, 4.6, 3.2, 0.2, 0.7, 0.507, 0.43, 0.928),
	(62, 3, 5.3, 2.8, 1.3, 0.1, 0.4, 0.455, 0.36, 0.72),
	(96, 3, 0, 0, 0, 0, 0, 0, 0, NULL),
	(98, 3, 5.9, 3.6, 1.9, 0.4, 0.4, 0.445, 0.298, 0.708),
	(123, 3, 4.9, 2.4, 1.1, 0.2, 0.5, 0.403, 0.265, 0.75),
	(133, 3, 1.7, 0.3, 0.7, 0, 0, 0.667, 1, NULL),
	(202, 3, 5.7, 2.6, 2.2, 0.2, 0.9, 0.4, 0.279, 0.811),
	(219, 3, 6.8, 4.5, 0.8, 0.3, 0.5, 0.442, 0.367, 0.86),
	(276, 3, 12.4, 4.6, 1.1, 2.2, 0.6, 0.454, 0.366, 0.865),
	(308, 3, 17.5, 6, 4.3, 0.1, 1, 0.429, 0.377, 0.842),
	(315, 3, 11.8, 5.4, 1.5, 0.6, 0.6, 0.419, 0.377, 0.889),
	(321, 3, 2.5, 1.3, 1, 0, 0.5, 0.4, 0.333, 0.5),
	(415, 3, 6.1, 2, 0.9, 0.2, 0.4, 0.457, 0.399, 0.868),
	(473, 3, 5, 4.3, 0.8, 0.6, 0.4, 0.422, 0.354, 0.393),
	(475, 3, 2.8, 1.5, 0.2, 0, 0, 0.48, 0.6, 0.667),
	(48, 20, 17.8, 4.1, 1.8, 0, 0.9, 0.498, 0.428, 0.81),
	(95, 20, 11.1, 3.1, 6, 0.1, 1.4, 0.47, 0.414, 0.835),
	(139, 20, 9.9, 2.7, 2.3, 0.3, 0.9, 0.382, 0.351, 0.754),
	(205, 20, 5.2, 1.3, 1.4, 0.3, 0.4, 0.383, 0.3, 0.886),
	(236, 20, 0.5, 0.7, 0, 0.1, 0, 0.2, 0.5, 0.25),
	(245, 20, 7.1, 3.6, 3.9, 0.3, 1, 0.434, 0.333, 0.676),
	(264, 20, 3.6, 2.1, 0.4, 0.3, 0.1, 0.54, 0.231, 0.619),
	(295, 20, 12.6, 2.8, 2.1, 0.1, 1, 0.402, 0.377, 0.889),
	(300, 20, 6.9, 1.4, 0.9, 0.1, 0.2, 0.479, 0.401, 0.843),
	(345, 20, 3.4, 2.7, 1.2, 0.5, 0.2, 0.504, 0.091, 0.789),
	(350, 20, 18.8, 5.6, 5.2, 0.3, 1.7, 0.423, 0.343, 0.73),
	(379, 20, 0.6, 0.3, 0.3, 0, 0, 0.5, 1, NULL),
	(394, 20, 14.1, 9.2, 2.8, 0.4, 0.7, 0.598, 0.533, 0.718),
	(420, 20, 2.2, 1, 0.4, 0.3, 0.5, 0.327, 0.2, 0.417),
	(440, 20, 13.1, 7, 1.6, 2.9, 0.8, 0.488, 0.4, 0.709),
	(479, 20, 12.5, 6.4, 2.4, 0.5, 1.6, 0.524, 0.365, 0.635),
	(64, 22, 4.5, 2.7, 1.2, 0.5, 0.5, 0.391, 0.259, 0.7),
	(74, 22, 2.4, 1.3, 2.4, 0.1, 0.3, 0.378, 0.25, 0.818),
	(129, 22, 17.3, 15.2, 1.2, 1.7, 1.6, 0.531, 0.135, 0.581),
	(135, 22, 9.5, 1.9, 1.3, 0.1, 1, 0.396, 0.379, 0.7),
	(159, 22, 8.1, 2.1, 1.1, 0.1, 0.5, 0.39, 0.363, 0.826),
	(181, 22, 24.9, 7.7, 5.4, 0.4, 0.7, 0.471, 0.361, 0.751),
	(227, 22, 15.2, 2.6, 4.3, 0.1, 0.7, 0.424, 0.37, 0.875),
	(248, 22, 9.6, 2.9, 1.7, 0.2, 0.4, 0.442, 0.391, 0.795),
	(270, 22, 4.2, 2.6, 0.4, 0.1, 0.3, 0.587, 0.1, 0.742),
	(281, 22, 2, 3, 1, 0, 0, 0, 0, 1),
	(289, 22, 4.8, 3.1, 1.1, 1.1, 0.4, 0.354, 0.29, 0.6),
	(331, 22, 2, 0.7, 1.3, 0, 0.3, 0.25, 0.5, NULL),
	(354, 22, 4.1, 4.4, 1.4, 0.3, 0.5, 0.425, 0, 0.769),
	(387, 22, 4.1, 1.4, 0.4, 0.2, 0.3, 0.407, 0.269, 0.829),
	(413, 22, 8.6, 2.4, 3.4, 0.2, 0.5, 0.415, 0.34, 0.744),
	(430, 22, 2.7, 0.9, 0.3, 0.2, 0.3, 0.338, 0.286, 0.636),
	(6, 4, 1, 1, 0.7, 0, 0.3, 0.25, 1, NULL),
	(17, 4, 6.2, 2.5, 3.5, 0.1, 0.9, 0.444, 0.37, 0.89),
	(44, 4, 7.4, 1.6, 0.5, 0.2, 0.2, 0.433, 0.453, 0.688),
	(81, 4, 10.3, 7, 1.8, 1.3, 0.6, 0.485, 0.188, 0.795),
	(131, 4, 11, 4.1, 6, 0.5, 1.5, 0.431, 0.354, 0.786),
	(145, 4, 3.3, 2.9, 0.4, 0.1, 0.1, 0.534, 0, 0.667),
	(190, 4, 5.4, 2.6, 1.8, 0.4, 1.1, 0.415, 0.254, 0.65),
	(216, 4, 5.2, 4.2, 0.8, 0.1, 0.5, 0.459, 0.28, 0.605),
	(262, 4, 23.8, 4.6, 4.4, 0.4, 0.9, 0.468, 0.368, 0.833),
	(277, 4, 8.7, 3.7, 1.1, 1.1, 0.2, 0.564, 0.261, 0.717),
	(282, 4, 4, 2.1, 0.5, 0.1, 0.6, 0.314, 0.289, 0.692),
	(291, 4, 19, 9.1, 1.4, 0.6, 0.8, 0.432, 0.359, 0.878),
	(367, 4, 18.4, 6.1, 3, 0.7, 1.3, 0.486, 0.493, 0.903),
	(395, 4, 2.4, 0.8, 0.2, 0, 0, 0.625, 0.4, NULL),
	(401, 4, 7.5, 2.5, 1.6, 0.2, 0.5, 0.423, 0.356, 0.75),
	(4, 5, 1.8, 1.1, 0.3, 0.3, 0.1, 0.281, 0.25, 1),
	(46, 5, 4.2, 3.6, 0.5, 0.3, 0.3, 0.443, 0.256, 0.769),
	(89, 5, 7.4, 4.8, 0.8, 0.3, 0.7, 0.395, 0.341, 0.667),
	(92, 5, 16.9, 3.4, 2.4, 0.2, 0.7, 0.443, 0.338, 0.841),
	(115, 5, 7.3, 1.9, 4.2, 0.1, 0.3, 0.413, 0.336, 0.792),
	(155, 5, 3.5, 1.5, 0.6, 0.2, 0.2, 0.359, 0.394, 0.75),
	(195, 5, 5.6, 5.1, 1, 0.8, 0.5, 0.463, 0.355, 0.6),
	(252, 5, 8, 1.6, 2.5, 0.1, 0.8, 0.437, 0.432, 0.75),
	(278, 5, 18.6, 11.4, 2.3, 0.2, 0.3, 0.386, 0.396, 0.89),
	(333, 5, 9.1, 7.9, 3, 0.6, 1.4, 0.521, 0.352, 0.698),
	(343, 5, 6.8, 3.1, 1.1, 0.3, 0.7, 0.482, 0.349, 0.652),
	(352, 5, 13, 4.8, 2.6, 0.2, 0.8, 0.426, 0.35, 0.782),
	(402, 5, 15.6, 3, 2.9, 0.1, 0.5, 0.414, 0.4, 0.834),
	(411, 5, 6.7, 1.6, 1.9, 0.3, 1, 0.342, 0.308, 0.8),
	(418, 5, 5.4, 2.3, 1, 0.1, 0.3, 0.32, 0.375, 1),
	(431, 5, 11.5, 11.1, 2.1, 0.5, 0.8, 0.526, NULL, 0.647),
	(481, 5, 7.4, 5.3, 0.7, 0.4, 0.3, 0.542, NULL, 0.714),
	(36, 29, 3.2, 2.8, 1.2, 0.7, 0.3, 0.528, 0, 0.629),
	(99, 29, 6.2, 2.1, 1.5, 0.1, 0.3, 0.444, 0.381, 0.75),
	(100, 29, 15.8, 7.9, 3.5, 1.5, 1.3, 0.466, 0.242, 0.782),
	(108, 29, 27.9, 5.3, 5.2, 0.4, 1.3, 0.474, 0.429, 0.919),
	(118, 29, 3.1, 0.9, 0.1, 0.1, 0, 0.417, 0.357, 0.75),
	(132, 29, 27.4, 6.7, 5.7, 1.2, 0.8, 0.513, 0.359, 0.881),
	(141, 29, 0.8, 0.5, 0.6, 0, 0, 0.321, 0.167, 0),
	(179, 29, 6.9, 7.4, 7, 1, 1.5, 0.429, 0.246, 0.704),
	(218, 29, 5.9, 3.8, 3.2, 0.8, 0.9, 0.5, 0.349, 0.594),
	(233, 29, 6.4, 4.4, 1.4, 0.2, 0.3, 0.461, 0.35, 0.818),
	(242, 29, 5.4, 3.1, 1.2, 1, 0.5, 0.716, , 0.649),
	(266, 29, 4.5, 1.8, 0.2, 0, 0.4, 0.427, 0.38, 0.8),
	(274, 29, 4.1, 1.8, 1.9, 0.5, 0.5, 0.481, 0, 0.826),
	(275, 29, 6.3, 5.7, 1.7, 0.8, 0.6, 0.616, 0.1, 0.602),
	(303, 29, 4.7, 3.4, 0.4, 0.2, 0.2, 0.487, 0.348, 0.529),
	(432, 29, 22.5, 4, 2.3, 0.6, 1.2, 0.473, 0.404, 0.821),
	(40, 7, 7.4, 5.1, 3.7, 0.6, 0.9, 0.401, 0.388, 0.783),
	(86, 7, 4, 3.5, 0.5, 0, 0.5, 0.429, 0.4, NULL),
	(114, 7, 3, 4, 0, 0, 1, 0.25, NULL, 0.5),
	(158, 7, 19.3, 5.9, 2.4, 0.4, 0.7, 0.457, 0.435, 0.903),
	(166, 7, 10.1, 2.7, 3, 0.6, 1.1, 0.467, 0.36, 0.81),
	(176, 7, 8, 7.4, 0.3, 0.5, 0.6, 0.459, 0.381, 0.769),
	(185, 7, 16.2, 6.7, 1.9, 1.3, 0.9, 0.618, 0.143, 0.626),
	(296, 7, 5, 1.8, 0.5, 0.3, 0.3, 0.444, 0.333, 0.4),
	(324, 7, 4.9, 2.4, 0.5, 0.1, 0.2, 0.492, 0, 0.647),
	(383, 7, 3.1, 1.1, 0.4, 0.1, 0.3, 0.37, 0.333, 0.667),
	(403, 7, 12.1, 2, 1.8, 0.1, 0.7, 0.441, 0.469, 0.875),
	(424, 7, 3.5, 2.2, 1.3, 0.3, 0.5, 0.356, 0.174, 0.643),
	(433, 7, 1, 0.7, 0.3, 0.1, 0.2, 0.348, 0.2, 0.692),
	(454, 7, 3.5, 1.6, 0.7, 0.1, 0.4, 0.411, 0.25, 0.51),
	(465, 7, 20.3, 2.9, 5.3, 0.1, 0.8, 0.428, 0.359, 0.88),
	(482, 7, 9.4, 7.8, 1.8, 0.8, 0.3, 0.485, NULL, 0.667),
	(26, 13, 13.9, 7.2, 1, 1, 0.6, 0.509, 0.258, 0.697),
	(43, 13, 13.7, 7, 2, 0.1, 1.1, 0.415, 0.333, 0.865),
	(47, 13, 9.7, 5.8, 2, 0.8, 0.7, 0.477, 0.419, 0.781),
	(55, 13, 14.6, 3.7, 4, 0.2, 1.1, 0.416, 0.341, 0.827),
	(70, 13, 5.6, 1.6, 1, 0.4, 0.5, 0.5, 0.313, 0.769),
	(83, 13, 2.4, 1.7, 0.6, 0.1, 0.4, 0.474, 0, 0.8),
	(148, 13, 12.4, 8.4, 2.5, 0.7, 1.2, 0.542, 0.5, 0.541),
	(152, 13, 5.6, 1.6, 2, 0.1, 0.5, 0.431, 0.367, 0.878),
	(157, 13, 17.5, 3.7, 7.2, 0.5, 1.7, 0.463, 0.374, 0.72),
	(165, 13, 6.9, 3.8, 1.4, 0.3, 0.5, 0.498, 0, 0.632),
	(200, 13, 20.9, 5.2, 2.4, 0.4, 0.6, 0.462, 0.432, 0.873),
	(257, 13, 3.5, 4.3, 0.8, 0.4, 0.4, 0.486, NULL, 0.353),
	(293, 13, 4.9, 1.1, 2.4, 0.1, 0.5, 0.415, 0.22, 0.679),
	(421, 13, 1.9, 2.9, 0.4, 0, 0.2, 0.318, 0.2, 0.857),
	(467, 13, 5.7, 3.1, 0.6, 0.4, 0.6, 0.46, 0.341, 0.6),
	(23, 15, 9.9, 5.3, 5.4, 0.4, 1.5, 0.406, 0.329, 0.417),
	(50, 15, 1, 0.8, 0.7, 0.1, 0.3, 0.2, 0, 0.667),
	(68, 15, 8.6, 2.8, 1.2, 0.5, 0.8, 0.394, 0.317, 0.714),
	(75, 15, 9.6, 2.6, 1.1, 0.1, 0.8, 0.43, 0.34, 0.863),
	(82, 15, 3.2, 0.9, 0.8, 0.3, 0.1, 0.632, 0.5, 0.625),
	(87, 15, 3.1, 5.6, 0.7, 0.5, 0.4, 0.6, 0, 0.6),
	(191, 15, 8, 3.8, 1.4, 0.6, 0.9, 0.407, 0.333, 0.696),
	(221, 15, 18.3, 5.1, 3, 0.6, 0.5, 0.497, 0.33, 0.675),
	(230, 15, 27.3, 8.7, 8, 0.6, 1.4, 0.517, 0.348, 0.66),
	(259, 15, 18.9, 5.6, 2.5, 0.4, 0.6, 0.467, 0.313, 0.755),
	(301, 15, 11, 6.6, 0.6, 1.9, 0.6, 0.613, 0.125, 0.658),
	(330, 15, 2.8, 0.8, 0.5, 0.6, 0, 0.304, 0.278, 0.75),
	(388, 15, 9, 5.2, 7.8, 0.2, 1, 0.422, 0.362, 0.625),
	(419, 15, 7.2, 2.9, 2, 0.1, 0.6, 0.435, 0.379, 0.677),
	(449, 15, 4.1, 1.7, 0.6, 0.2, 0.3, 0.432, 0.34, 0.739),
	(468, 15, 5, 3.3, 0.5, 0.5, 0.1, 0.561, NULL, 0.364),
	(20, 26, 16.3, 10.3, 1.9, 0.9, 0.9, 0.583, 0, 0.757),
	(38, 26, 3.6, 3, 0.8, 0.2, 0.2, 0.415, 0.213, 0.63),
	(51, 26, 25.1, 4.1, 6.7, 0.2, 0.9, 0.459, 0.33, 0.869),
	(57, 26, 8.1, 3.1, 2, 0.5, 1.6, 0.436, 0.347, 0.796),
	(104, 26, 6.4, 1.2, 3.3, 0.2, 0.5, 0.367, 0.295, 0.831),
	(109, 26, 5.8, 1.1, 0.4, 0.1, 0.5, 0.436, 0.383, 0.778),
	(140, 26, 0.9, 1.7, 1.4, 0, 0.4, 0.231, 0, NULL),
	(208, 26, 7.9, 4.5, 0.8, 1.1, 0.6, 0.624, NULL, 0.721),
	(228, 26, 10.9, 4.1, 2.3, 0.7, 1, 0.41, 0.308, 0.678),
	(238, 26, 11.1, 4, 4.2, 0.5, 1.1, 0.368, 0.321, 0.872),
	(250, 26, 0, 1, 0, 0, 0, NULL, NULL, NULL),
	(306, 26, 5.1, 2.5, 3.2, 0.5, 1.4, 0.373, 0.313, 0.833),
	(348, 26, 5.5, 1.8, 2.5, 0.1, 0.6, 0.378, 0.274, 0.775),
	(353, 26, 16.3, 4.9, 1.6, 1, 1.3, 0.448, 0.321, 0.752),
	(426, 26, 4.5, 3, 0.5, 0, 1.5, 0.667, NULL, 0.5),
	(456, 26, 18, 4, 1.5, 0.7, 1.2, 0.486, 0.428, 0.815),
	(27, 19, 12.1, 5, 3.3, 0.6, 0.4, 0.405, 0.355, 0.833),
	(34, 19, 11.7, 2.6, 1.3, 0.1, 0.6, 0.494, 0.427, 0.898),
	(103, 19, 5.7, 3.7, 0.9, 0.6, 0.6, 0.429, 0.294, 0.66),
	(168, 19, 1.4, 0.2, 0.9, 0, 0, 0.261, 0.333, 0.818),
	(189, 19, 13.7, 2.9, 2.5, 0.4, 0.9, 0.426, 0.326, 0.805),
	(197, 19, 6.5, 4.1, 0.8, 0.4, 0.4, 0.45, 0.38, 0.762),
	(240, 19, 20.4, 10.7, 7.6, 0.6, 1.4, 0.507, 0.324, 0.836),
	(283, 19, 0.9, 0.7, 0.2, 0, 0.1, 0.471, 0.4, 0.333),
	(284, 19, 9.2, 4.1, 1.4, 0.4, 0.5, 0.423, 0.254, 0.694),
	(313, 19, 12.7, 7, 1.9, 0.9, 1.3, 0.49, 0.366, 0.712),
	(323, 19, 10.4, 2.6, 3.8, 0, 0.9, 0.491, 0.425, 0.794),
	(327, 19, 18.4, 4.2, 4.9, 0.3, 0.8, 0.432, 0.382, 0.844),
	(364, 19, 8.1, 6.2, 2.8, 0.9, 0.8, 0.61, 0.286, 0.551),
	(368, 19, 8.6, 1.3, 1.7, 0.1, 0.3, 0.373, 0.273, 0.632),
	(429, 19, 0.7, 1.4, 0.2, 0.1, 0.2, 0.286, 0, 0.4),
	(444, 19, 1.6, 0.4, 0.5, 0, 0, 0.538, 0.429, 0.5),
	(2, 27, 14.4, 9.6, 1.6, 0.8, 1.6, 0.603, 0, 0.525),
	(71, 27, 3.1, 1, 0.3, 0.3, 0.2, 0.438, 0.348, 0.75),
	(120, 27, 4.1, 2.1, 0.4, 0.2, 0.4, 0.463, 0.174, 0.61),
	(146, 27, 4.6, 1, 1.6, 0.2, 0.3, 0.417, 0.273, 0.923),
	(147, 27, 6.7, 1.8, 0.9, 0.2, 0.6, 0.427, 0.362, 0.684),
	(163, 27, 28.1, 8.2, 4.2, 0.5, 2.3, 0.441, 0.389, 0.841),
	(174, 27, 13.3, 5.2, 1, 1.3, 0.8, 0.509, 0.375, 0.705),
	(175, 27, 0, 0, 0, 0, 0, 0, 0, NULL),
	(332, 27, 4, 1.9, 0.3, 0.2, 0.3, 0.442, 0.357, 0.793),
	(339, 27, 5.1, 4.5, 0.6, 1.3, 1, 0.567, NULL, 0.734),
	(361, 27, 3.9, 2.4, 0.5, 0.2, 0.3, 0.378, 0.338, 0.633),
	(398, 27, 15.5, 3.5, 4.2, 0.2, 0.9, 0.41, 0.332, 0.816),
	(460, 27, 23.2, 11.1, 10.5, 0.5, 2, 0.43, 0.289, 0.649),
	(10, 2, 9.3, 7.6, 1.3, 0.4, 0.9, 0.438, 0.355, 0.85),
	(93, 2, 6.3, 4.2, 0.9, 0.8, 0.4, 0.46, 0.316, 0.77),
	(107, 2, 6.6, 1.4, 0.9, 0.1, 0.4, 0.447, 0.449, 0.829),
	(184, 2, 7, 4.3, 1.1, 0.8, 1.1, 0.486, 0.278, 0.625),
	(209, 2, 7.8, 1.4, 0.8, 0.2, 0.8, 0.44, 0.351, 0.824),
	(247, 2, 10.8, 7.1, 1.4, 0.4, 0.6, 0.529, 0, 0.767),
	(260, 2, 0, 0.2, 0, 0.2, 0, NULL, NULL, 0),
	(263, 2, 7.9, 3.2, 0.7, 0.5, 0.4, 0.531, 0.342, 0.711),
	(268, 2, 5.8, 3.7, 1.2, 0.2, 0.2, 0.539, 0.466, 0.818),
	(272, 2, 26, 4.5, 6.5, 0.5, 1.1, 0.45, 0.368, 0.91),
	(298, 2, 21.4, 4, 2.9, 0.4, 0.8, 0.463, 0.379, 0.84),
	(342, 2, 15.3, 10.3, 3.2, 1.4, 1, 0.507, 0.107, 0.77),
	(408, 2, 1.5, 0.5, 0.3, 0, 0, 0.3, 0.083, 0.25),
	(436, 2, 1.6, 0.5, 0.1, 0.1, 0, 0.286, 0.333, 0.25),
	(439, 2, 7.2, 4.5, 3.8, 0.2, 0.5, 0.459, 0.152, 0.706),
	(7, 12, 3.9, 0.4, 0.6, 0.1, 0.1, 0.316, 0.288, 0.711),
	(54, 12, 0, 3, 0, 0, 0, 0, NULL, NULL),
	(85, 12, 0.8, 0.5, 0, 0, 0, 0.333, 0, 1),
	(105, 12, 12, 4.9, 1.7, 0.4, 0.8, 0.394, 0.33, 0.693),
	(142, 12, 7, 1.7, 2.7, 0.1, 0.3, 0.419, 0.29, 0.791),
	(144, 12, 11.6, 7.3, 1.2, 1.4, 0.8, 0.578, 0.23, 0.687),
	(167, 12, 15.4, 12.9, 2.1, 2.3, 0.8, 0.651, NULL, 0.641),
	(220, 12, 11.8, 3.9, 5.4, 0.3, 1.3, 0.437, 0.372, 0.718),
	(256, 12, 9.4, 2.5, 1, 0.2, 0.4, 0.426, 0.392, 0.86),
	(316, 12, 23.6, 4.1, 4.1, 0.4, 1.4, 0.425, 0.341, 0.796),
	(317, 12, 0.5, 0.2, 0.4, 0, 0, 0.25, 0.167, NULL),
	(336, 12, 4.7, 1.5, 2.4, 0, 0.4, 0.475, 0.316, 0.85),
	(337, 12, 2.9, 1.2, 0.5, 0.1, 0.2, 0.434, 0.408, 0.769),
	(344, 12, 5.2, 3.5, 1.4, 0.3, 0.7, 0.479, 0.401, 0.737),
	(392, 12, 12.7, 3.6, 6, 0.2, 1.4, 0.4, 0.319, 0.839),
	(400, 12, 3.2, 2.4, 0.4, 0.1, 0.7, 0.477, 0.469, 0.625),
	(441, 12, 1.9, 1.1, 0.4, 0.5, 0.1, 0.732, NULL, 0.625),
	(28, 28, 4.6, 2.4, 0.6, 0.6, 0.3, 0.439, 0.217, 0.611),
	(30, 28, 5.7, 1.8, 3.4, 0, 0.5, 0.323, 0.295, 0.583),
	(76, 28, 4.7, 0.7, 2.7, 0.1, 0.3, 0.379, 0.368, 1),
	(101, 28, 14.5, 5.7, 1.5, 1.1, 2.3, 0.433, 0.372, 0.773),
	(116, 28, 7.1, 3.3, 0.8, 0.4, 0.7, 0.5, 0.318, 0.714),
	(121, 28, 5.4, 4, 0.8, 0.5, 0.5, 0.483, 0.295, 0.878),
	(164, 28, 10.9, 6.6, 1.2, 0.6, 0.8, 0.57, 0.324, 0.756),
	(241, 28, 5.9, 1.8, 4.1, 0.1, 1.3, 0.401, 0.315, 0.837),
	(349, 28, 7.2, 3, 1.2, 0.4, 1.1, 0.365, 0.269, 0.732),
	(389, 28, 18, 2.7, 4.3, 0.2, 0.6, 0.482, 0.37, 0.856),
	(396, 28, 9.8, 5.5, 1.4, 0.1, 0.6, 0.454, 0.394, 0.843),
	(423, 28, 12.1, 2.5, 8.2, 0.4, 1, 0.423, 0.333, 0.804),
	(425, 28, 2.6, 0.5, 0.9, 0.1, 0.4, 0.308, 0.364, 0.5),
	(434, 28, 4.8, 2.5, 0.6, 0.3, 0.3, 0.396, 0.379, 0.791),
	(435, 28, 24.6, 12.2, 3.2, 1.7, 0.9, 0.525, 0.403, 0.838),
	(464, 28, 17.6, 4.8, 2.4, 0.7, 1, 0.4, 0.335, 0.7),
	(471, 28, 2.4, 0.5, 0.9, 0, 0.3, 0.48, 0.2, NULL),
	(251, 17, 6.4, 4.1, 0.9, 1.2, 0.5, 0.451, 0.547, 0.776),
	(265, 17, 2.7, 0.5, 0.5, 0.1, 0.5, 0.393, 0.464, 0.8),
	(286, 17, 1, 0, 0, 0, 0.3, 1, 1, NULL),
	(305, 17, 2.2, 2.6, 0.7, 0.4, 0.2, 0.438, 0.458, 0.769),
	(340, 17, 5.7, 2.4, 0.6, 0.3, 0.1, 0.343, 0.431, 0.758),
	(371, 17, 10, 4.8, 1.3, 0.6, 0.6, 0.591, 0.631, 0.759),
	(77, 24, 16.7, 12.5, 1.4, 1.6, 0.7, 0.635, 0.635, 0.618),
	(91, 24, 2.9, 2.5, 0.4, 0.6, 0.4, 0.339, 0.475, 1),
	(134, 24, 1.5, 1, 0, 0, 0, 0.25, 0.375, NULL),
	(143, 24, 14.3, 9.1, 0.9, 0.9, 0.6, 0.595, 0.613, 0.657),
	(170, 24, 16.6, 2.4, 2.1, 0.4, 0.6, 0.406, 0.51, 0.78),
	(178, 24, 9.8, 2.7, 0.6, 0.4, 0.4, 0.409, 0.544, 0.839),
	(183, 24, 36, 6.5, 7.5, 0.7, 2.2, 0.436, 0.533, 0.877),
	(192, 24, 2, 1.7, 0.5, 0.4, 0.3, 0.488, 0.512, 0.786),
	(212, 24, 9, 3.6, 1, 0.4, 0.6, 0.458, 0.584, 0.818),
	(359, 24, 15.4, 4.6, 8.1, 0.3, 1.9, 0.415, 0.5, 0.855),
	(381, 24, 9.5, 2.1, 2.5, 0.3, 0.6, 0.422, 0.52, NULL),
	(404, 24, 3.7, 2.1, 1, 0.2, 0.6, 0.279, 0.384, NULL),
	(438, 24, 7.6, 6, 1.3, 0.5, 1.6, 0.4, 0.537, 0.673),
	(11, 8, 8, 5.8, 3, 0.9, 1.3, 0.543, 0.56, 0.578),
	(53, 8, 15.7, 3.2, 3.9, 0, 1.1, 0.456, 0.529, 0.92),
	(61, 8, 7.5, 1.7, 0.9, 0.2, 0.6, 0.402, 0.463, 0.733),
	(73, 8, 5.8, 3.5, 1.2, 1, 0.3, 0.387, 0.481, 0.909),
	(79, 8, 3.3, 1.4, 1.6, 0.4, 0.8, 0.271, 0.343, 0.688),
	(97, 8, 20.6, 3.4, 6.4, 0.3, 1.4, 0.433, 0.501, 0.846),
	(125, 8, 4, 1.9, 0.3, 0.1, 0.3, 0.48, 0.6, 0.5),
	(204, 8, 7.5, 3.5, 1.3, 0.4, 1, 0.354, 0.422, 0.886),
	(229, 8, 13.8, 4.7, 1.1, 1.4, 0.9, 0.506, 0.549, 0.766),
	(309, 8, 10.1, 2.2, 1.2, 0.4, 0.6, 0.416, 0.535, 0.929),
	(338, 8, 6.9, 5.6, 2.2, 0.8, 0.5, 0.513, 0.513, 0.705),
	(357, 8, 3.8, 2.1, 1.2, 0.2, 0.7, 0.288, 0.356, 0.75),
	(375, 8, 5.4, 3.9, 1, 0.2, 0.2, 0.597, 0.604, 0.711),
	(442, 8, 17.5, 8, 2, 1.4, 0.3, 0.581, 0.592, 0.8),
	(457, 8, 1.4, 2.9, 0.4, 0, 0.6, 0.158, 0.184, 0.75),
	(458, 8, 2.9, 1.9, 0.4, 0.1, 0.2, 0.357, 0.393, 0.7),
	(476, 8, 10.7, 4.8, 3.6, 0.6, 1.1, 0.411, 0.44, 0.833),
	(90, 21, 5, 1.3, 1.3, 0.1, 0.3, 0.397, 0.483, 0.905),
	(111, 21, 26.5, 12.2, 4, 2.5, 1.6, 0.515, 0.539, 0.793),
	(119, 21, 5.7, 4.7, 0.4, 0.5, 0.4, 0.623, 0.623, 0.719),
	(153, 21, 5, 2.9, 4.4, 0.1, 0.5, 0.451, 0.521, 0.78),
	(203, 21, 3.8, 3, 1.2, 0.2, 0.6, 0.38, 0.46, 0.704),
	(206, 21, 21.2, 5, 7.7, 0.8, 1.6, 0.472, 0.523, 0.768),
	(226, 21, 7.1, 2.1, 1, 0, 0.4, 0.438, 0.494, 0.735),
	(237, 21, 2.1, 2.1, 1.3, 0, 0.6, 0.294, 0.309, 0),
	(310, 21, 8.2, 1.8, 2, 0.4, 0.6, 0.392, 0.535, 0.823),
	(319, 21, 11.9, 2.4, 1.9, 0.2, 0.8, 0.481, 0.553, 0.763),
	(347, 21, 7.4, 4.4, 0.6, 0.6, 0.3, 0.581, 0.581, 0.692),
	(360, 21, 10.2, 4.9, 6.8, 0.4, 1.1, 0.444, 0.483, 0.698),
	(376, 21, 20.8, 8.7, 3.1, 0.6, 0.7, 0.526, 0.556, 0.74),
	(412, 21, 0, 3, 0, 0, 0, 0, 0, NULL),
	(470, 21, 5.8, 4.5, 1.4, 0.4, 0.7, 0.394, 0.484, 0.647),
	(5, 25, 21.3, 8.9, 2.4, 1.3, 0.5, 0.515, 0.518, 0.851),
	(35, 25, 10.7, 2.5, 1.8, 0.1, 0.5, 0.415, 0.526, 0.901),
	(39, 25, 8, 3.5, 1.2, 0.5, 0.5, 0.465, 0.636, 0.889),
	(106, 25, 3.3, 3.2, 0.8, 0.2, 0.4, 0.497, 0.597, 0.778),
	(117, 25, 21.7, 6.1, 6.1, 0.5, 1.1, 0.474, 0.478, 0.825),
	(138, 25, 2.1, 1.3, 0.3, 0.2, 0.1, 0.7, 0.7, 0.846),
	(150, 25, 11.6, 2.9, 2.1, 0, 0.6, 0.442, 0.547, 0.886),
	(161, 25, 4.2, 4.7, 1.9, 0.5, 0.2, 0.466, 0.494, 0.711),
	(162, 25, 14.2, 6.5, 2.6, 0.6, 0.8, 0.512, 0.561, 0.844),
	(307, 25, 1.7, 1.2, 0.5, 0.1, 0.2, 0.315, 0.315, 0.765),
	(312, 25, 9.9, 2.3, 3, 0.1, 0.6, 0.429, 0.546, 0.846),
	(365, 25, 5.4, 5.1, 1.3, 0.7, 0.3, 0.641, 0.641, 0.553),
	(366, 25, 1.9, 0.9, 0.5, 0, 0.2, 0.491, 0.547, 0.789),
	(452, 25, 2, 1.6, 0.3, 0.1, 0.4, 0.182, 0.227, 1),
	(461, 25, 10.1, 3.7, 3.9, 0.7, 1.1, 0.496, 0.542, 0.76),
